5 0.00000000 0.00000000 0.00000000 0.00000000
7 0.00000000 0.00000000 0.00000000 0.00000000
10 0.00000000 0.00000000 0.00000000 0.00000000
20 0.00000000 0.00000000 0.00000000 0.00000000
50 0.00000000 0.00000000 0.00000000 0.00000000
70 0.00000000 0.00000000 0.00000000 0.00000000
100 0.00000000 0.00000000 0.00000000 0.00000000
200 0.00000000 0.00000000 0.00000000 0.00000000
500 0.00000000 0.00000000 0.00000000 0.00000000
700 0.00000000 0.00000000 0.00000000 0.00000000
1000 0.00000000 0.00000000 0.00000000 0.00000000
2000 0.00000000 0.00000000 0.00000000 0.00000000
5000 0.00000000 0.00000000 0.00000000 0.00000000
