0.01 		1 			0.001 	0.001 	0.00001
0.1		1			0.001	0.001	0.00001
1 		1 			0.001 	0.001 	0.00001
2           	1                       0.001   0.001   0.00001
5		1 			0.001 	0.001 	0.00001
7           	1                       0.001   0.001   0.00001
10		1 			0.001 	0.001 	0.00001
20		1 			0.001 	0.001 	0.00001
30		1                       0.001   0.001   0.00001
40		1                       0.001   0.001   0.00001
50		1                       0.001   0.001   0.00001
70		1                       0.001   0.001   0.00001
100		1                       0.001   0.001   0.00001