5 -15.69044537 -0.41039200 -14.35623907 -0.92381431
7 -19.58010301 -0.51974370 -18.18556341 -0.87479590
10 -24.60948790 -0.66792950 -23.12877906 -0.81277935
20 -38.31732664 -1.08535182 -36.54517130 -0.68680353
50 -77.88655186 -2.25093719 -75.04096761 -0.59464706
70 -104.17865545 -3.02581025 -100.57626031 -0.57658488
100 -138.84249640 -4.06413721 -134.23109095 -0.54726824
200 -243.92570435 -7.23871092 -236.18902500 -0.49796843
500 -519.25313350 -15.68833252 -503.11252685 -0.45227414
700 -681.89332962 -20.76858887 -660.68574920 -0.43899155
1000 -901.84276858 -27.73147102 -873.68606152 -0.42523604
2000 -1589.81343100 -49.79222410 -1539.60010150 -0.42110543
5000 -3399.76972280 -19.34377490 -3379.96804170 -0.45790624